0-0 0 0 0 2 3 4 1 0 7 8 5 6 0 0 0 0 0 0 0 1 2 3 4 0 6 7 8 5 0 0
2-2 3 4 1 6 7 8 5 0 0 0 0 0 0 0 0 1 2 3 4 5 6 7 8 0 0 0 0 0 0 0
4-6 7 8 5 0 0 0 0 0 0 0 0 1 2 3 4 5 6 7 8 0 0 0 0 0 0 0 0 4 1 2
6-0 0 0 0 0 0 0 0 1 2 3 4 5 6 7 8 0 0 0 0 0 0 0 0 4 1 2 3 8 5 6
8-0 0 0 0 1 2 3 4 5 6 7 8 0 0 0 0 0 0 0 0 4 1 2 3 8 5 6 7 0 0 0
10-1 2 3 4 5 6 7 8 0 0 0 0 0 0 0 0 4 1 2 3 8 5 6 7 0 0 0 0 0 0 0
12-5 6 7 8 0 0 0 0 0 0 0 0 4 1 2 3 8 5 6 7 0 0 0 0 0 0 0 0 3 4 1
14-0 0 0 0 0 0 0 0 4 1 2 3 8 5 6 7 0 0 0 0 0 0 0 0 3 4 1 2 7 8 5
16-0 0 0 0 4 1 2 3 8 5 6 7 0 0 0 0 0 0 0 0 3 4 1 2 7 8 5 6 0 0 0
18-4 1 2 3 8 5 6 7 0 0 0 0 0 0 0 0 3 4 1 2 7 8 5 6 0 0 0 0 0 0 0
20-8 5 6 7 0 0 0 0 0 0 0 0 3 4 1 2 7 8 5 6 0 0 0 0 0 0 0 0 2 3 4
22-0 0 0 0 0 0 0 0 3 4 1 2 7 8 5 6 0 0 0 0 0 0 0 0 2 3 4 1 6 7 8